{\rtf1\ansi\ansicpg1252\cocoartf1561\cocoasubrtf100
{\fonttbl\f0\fmodern\fcharset0 Courier;}
{\colortbl;\red255\green255\blue255;\red0\green0\blue0;}
{\*\expandedcolortbl;;\cssrgb\c0\c0\c0;}
\margl1440\margr1440\vieww10800\viewh8400\viewkind0
\deftab720
\pard\pardeftab720\sl280\partightenfactor0

\f0\fs24 \cf2 \expnd0\expndtw0\kerning0
\outl0\strokewidth0 \strokec2 0 0.293315052100287 0.340842081547838 0.206971805181279 0.211111331818217 0.363145516332892 0.212400637183046 0.588356022054957 0.308270515174596 0.444463848171172 0.197191170703305 0.337849080784813 0.427301189465664 0.492159371799873 0.293698324126233 0.243043355620376 0.310999737803008 0.345535208282874 0.284799759613756 0.213099885565143 0.529931696358485 0.276167210233864 0.322833359702161 0.312691769520088 0.448074935410967 0.693773316417147 0.751165672712046 0.683841234797542 0.755886801031149 0.668576319308641 0.657286310984773 0.58579683508239 0.582747365964847 0.601437313218674 0.559313731313999 0.694460426130145 0.542098262818582 0.654609376964083 0.595610025423941 0.69570090493991 0.641023576088009 0.70176126227411 0.599153609763505 0.758172515226642 0.771347277731373 0.822858195879316 0.501789257835359 0.766393795302358 0.681224841959542 0.73629569196061 0.77888555437874 0.807451293723019 0.743147776291334 0.752895335458785 0.756096894467121 0.742133837227459 0.810635835497993 0.6958086635792 0.791253936694617 0.68773221074911 0.84473579175441 0.788839656894905 0.681331273161809 0.795853144318741 0.75463065972868 0.725882461059623 0.807638122926075 0.678197560920964 0.744546921031221 0.754757340842319 0.74704530596817 0.668054173569341 0.772609151056021 0.847625632298801 0.907877200814938 0.690319686158058 0.739551155490192 0.802148342471339 0.709841087863833 0.754841900001115 0.619646036069805 0.772112416581306 0.771846062896312 0.779989112362719 0.703902034472719 0.754245130293928 0.751436820854227 0.727136433649828 0.74810846683411 0.735344568180198 0.585809745992591 0.628527970144392 0.782524024761065 0.660786539002929 0.663976716490096 0.713198414232853 0.680347171090834 0.656568654371892 0.730476414892661 0.713330039111978\
 0.293315052100287 0 0.262152190485149 0.22912628589623 0.238515170923548 0.32233752314949 0.305171151699797 0.560791252317513 0.291720514228882 0.409508265399202 0.274129314344951 0.345123806049777 0.416446554993699 0.494339379744376 0.277970954933842 0.246294366107204 0.294772985785922 0.309795978255287 0.260527461890811 0.276790343178434 0.479842227365081 0.220737161168533 0.369708035180502 0.331543944018303 0.46778150032514 0.613325731459299 0.739686730238468 0.406092467295861 0.713419544849169 0.561842731609102 0.605484722341147 0.379334746817669 0.550523860190518 0.564336544796762 0.536501379250385 0.688540791898352 0.367218440308004 0.425878362178673 0.55695646243278 0.654393268511765 0.582165000388622 0.674830414119908 0.460248100231217 0.594752221930524 0.697656358673219 0.723267104680277 0.544519784729493 0.629246703320368 0.612281019343825 0.532291799387534 0.769276067851093 0.765330667622552 0.573840571425282 0.723139547621369 0.792205359942183 0.76322278803971 0.721035635797087 0.627110894860518 0.713068977023345 0.661703105068719 0.744829197225399 0.767921151342584 0.621121926510951 0.758349170974906 0.721974519024214 0.718454673488109 0.820831607228241 0.626524520320582 0.724081884496056 0.764194841349323 0.766381662248927 0.716888082313836 0.768869517882372 0.777918794686151 0.810571483768841 0.617150609090755 0.70540066682952 0.784682292407397 0.746193363023938 0.488451556106743 0.557913277769553 0.709485699040795 0.74041986447596 0.718201304912746 0.618974327688585 0.714501469970103 0.725550739822881 0.706291518848938 0.675787525132832 0.684289701399771 0.593438137123582 0.607312195296485 0.803723095734781 0.652054304379392 0.633526436671058 0.709518035376913 0.607255706390621 0.655351094538867 0.706328474704175 0.778809996181455\
 0.340842081547838 0.262152190485149 0 0.284538192606682 0.278157507243174 0.339103899846282 0.36785173430471 0.562149873013864 0.339035779772078 0.501804141514097 0.297769001147213 0.477172169542672 0.40982207106114 0.515724498297063 0.335194038669774 0.255093216109951 0.338454465637019 0.424052766651083 0.326126210415676 0.393172325094773 0.564261557540945 0.344469991872243 0.479995841148857 0.459422084805825 0.535000348573768 0.650385164690228 0.735019960952279 0.620174283505273 0.707435383681606 0.606479282317036 0.643276786075588 0.394457040853034 0.574803919932043 0.571682433385945 0.536903945255479 0.70354352950274 0.512876373390767 0.601926140962301 0.518114619170448 0.66212383881991 0.591792568469739 0.646801119739241 0.64100147062079 0.738391515423461 0.72716506734617 0.66477410904148 0.494895421698907 0.586904733268015 0.610976684190556 0.730838356234422 0.799073198084714 0.732381168244402 0.533213436749767 0.591003095343349 0.731057792179239 0.642011115950687 0.677548294838996 0.667487886212874 0.794084664107314 0.612782664661978 0.637852417235804 0.707027646692284 0.641438483344076 0.714104497765062 0.724367192270731 0.667487886212874 0.68711978735581 0.527174848895718 0.665491251461429 0.779335310385648 0.639218003765795 0.772190310981639 0.748870582453841 0.718197182591278 0.749326857435911 0.677075501243931 0.720255993812086 0.71651603937387 0.795109464355547 0.674640654870515 0.556676687080064 0.652764518489511 0.686941167438591 0.677052482019428 0.665893909929692 0.695214452077848 0.69119485174825 0.692583272433996 0.741751462839201 0.718055576693393 0.598606183055773 0.540791773448694 0.788566682930043 0.616093064462591 0.621230259390617 0.600626423479021 0.621843756171382 0.614302914987383 0.593937328557547 0.695105687263804\
 0.206971805181279 0.22912628589623 0.284538192606682 0 0.183975575765347 0.248586499729425 0.506714616895237 0.571311076924432 0.555190610270612 0.424607505961336 0.197432240650094 0.354269879862182 0.443525501490762 0.508948105652696 0.315937060501001 0.255058307771651 0.330289354931624 0.332271883721338 0.303839108564546 0.243375419234329 0.486984528659558 0.237033317770143 0.622350754119545 0.343742452497376 0.464524994426451 0.620295653465402 0.707453438414691 0.60505894016597 0.652569337300609 0.527496947417954 0.600984666041203 0.484890199473041 0.55586342561734 0.52215996690475 0.492191645671129 0.785477370019197 0.442171701458784 0.573650926433235 0.547915585938238 0.649035727290734 0.527573381121834 0.667929197256202 0.578990386053426 0.684530441593786 0.682168026709323 0.754959648834525 0.49489542176011 0.655731670167896 0.513139186791997 0.630296353183292 0.797352746850174 0.770257900100376 0.632606438966764 0.663885344490968 0.686337528531164 0.7168092419436 0.776851940425788 0.667258841664021 0.761385383608813 0.64868513694217 0.75208946260403 0.748700991091606 0.555895096687137 0.709309178164638 0.755702413720199 0.653869827111033 0.657499513661717 0.662923300643339 0.688729003020077 0.756723959286127 0.725594334474112 0.667970572652014 0.785222556203163 0.788292749317275 0.719779694510655 0.55519628528757 0.613606405905001 0.719281926144374 0.599628601472242 0.628158361284182 0.582538031994228 0.781096254015074 0.682841195275347 0.659937628363201 0.607896705447532 0.658373996865452 0.708863732939516 0.649241549445991 0.575570215195119 0.637013759619072 0.559280270635708 0.566625707922615 0.65697504197795 0.55180539315682 0.547236421455546 0.622268662154088 0.595942847183995 0.607459933887921 0.738488832293767 0.721154382104561\
 0.211111331818217 0.238515170923548 0.278157507243174 0.183975575765347 0 0.234039003471332 0.216467551053727 0.545581876671954 0.285268850365618 0.408701287137321 0.18719207583021 0.305853578264421 0.386365010532955 0.449418648988534 0.261851091247825 0.202626866144367 0.282074342689472 0.314503479947116 0.276774370027989 0.229320613904367 0.471206156828176 0.223710410581588 0.293028706682767 0.300293401070768 0.419647767915497 0.59710148855901 0.686514367037049 0.605301321935119 0.658909710753717 0.569040555862033 0.580621428238983 0.524064418044201 0.5634963235057 0.585353620854859 0.49610182331676 0.718942087792896 0.397844185469506 0.588764445816407 0.598094718222413 0.643455211750846 0.54901453309615 0.683351793080003 0.579519779442988 0.692868352115078 0.675232601393327 0.787200709048457 0.555915794298993 0.679313108119175 0.557672595325436 0.697868904733207 0.817515948225434 0.760561411116067 0.62006678252749 0.707333093352549 0.785701618792234 0.732899144612517 0.771621159246635 0.639177880096746 0.792042065333068 0.63191298825176 0.75074542663341 0.713355769523217 0.647113588375838 0.78648096198982 0.770531933014727 0.648635784476965 0.720213416687795 0.62318271728862 0.680891884024464 0.706009112990193 0.695349518026421 0.652100785187235 0.782753310253306 0.805194950188666 0.74340292290513 0.638193216289224 0.705733027390594 0.78695044836359 0.621732675027894 0.663308107115655 0.582714756408794 0.748978873358667 0.690194760487424 0.653555971359059 0.633031443386592 0.700506485219192 0.714069403454104 0.706485681942687 0.636127401179907 0.662290400573868 0.578938276202422 0.580464148852734 0.71825845562316 0.585282936607823 0.588156316668436 0.666168907690657 0.588916084471997 0.591519110052397 0.660870415056006 0.619309196860169\
 0.363145516332892 0.32233752314949 0.339103899846282 0.248586499729425 0.234039003471332 0 0.379547829540492 0.587356166737601 0.359630702847837 0.521954013327377 0.340065401784203 0.343340232580913 0.464415293816165 0.52305444209615 0.349910394638677 0.278148998470995 0.362782941269903 0.379359949695388 0.343289402759072 0.411626039452294 0.54840647358071 0.30453784110733 0.414377746457052 0.344394606858819 0.484305293782464 0.665953365708643 0.682197910984016 0.640356011349962 0.750039132367794 0.65711941136919 0.633397798356864 0.574533473962628 0.547301050287928 0.694702668543803 0.503587029693426 0.679126714710388 0.562434942934291 0.620828473149321 0.626042835244883 0.678425403943366 0.664889015029589 0.748683372735711 0.631536399729942 0.760933015128392 0.693059339013111 0.812035099605944 0.549770472679602 0.806520892575862 0.642246536191324 0.741196088248745 0.816589318192161 0.858938882768494 0.727528182639124 0.732351122679228 0.778290175512727 0.749736488387505 0.79614026064676 0.685800785926964 0.789862248403996 0.697372131419062 0.817112904265198 0.812341685214367 0.722365341863774 0.819714696929214 0.736010077120145 0.704562922735268 0.75704245203566 0.658856714450294 0.716954577271254 0.758503128434851 0.821384973740541 0.792501571916253 0.831650810288868 0.822247589837853 0.715947213576146 0.672054908907613 0.726261503324986 0.854934631282416 0.771117070819074 0.724712349344988 0.673415798216233 0.80968598330239 0.721297568136653 0.861981289568912 0.761040466923283 0.839332933140196 0.809163593378748 0.757728831453611 0.788433142096293 0.865374067549692 0.612052533046262 0.612190483911524 0.895742830662297 0.639594589992623 0.757214572886411 0.750226186960733 0.658967420279744 0.661612184628234 0.644674438533092 0.629542081137387\
 0.212400637183046 0.305171151699797 0.36785173430471 0.506714616895237 0.216467551053727 0.379547829540492 0 0.551866289399541 0.171506614257229 0.435735391933107 0.183350481529859 0.31472811751888 0.386938621418221 0.437786312761403 0.26367793076316 0.200502822342048 0.271090022186076 0.33023847207141 0.265176079294054 0.205422620233471 0.554590003668599 0.281118848342522 0.485922535700055 0.266342564919655 0.418583796867659 0.648180417137903 0.714344948565738 0.626397484908032 0.701380997826642 0.607475358292651 0.634352100895042 0.620719870023487 0.590172656508612 0.621138624074334 0.508886490311738 0.727780181681345 0.416464353268335 0.635216206430145 0.575370185875155 0.647875883631565 0.580068129487655 0.652019933526609 0.552106195196146 0.728881106309507 0.657715282597894 0.85693264921718 0.526517528553531 0.803164866704843 0.695515963937601 0.761089888099156 0.78555920537208 0.794348491817675 0.641638275616339 0.796368160285993 0.791060066867316 0.776573644755899 0.81304406849356 0.702301017849851 0.756732824180912 0.677050084031167 0.789917233658399 0.747689977275359 0.676907624556311 0.815834493704537 0.814918777687258 0.639844271774622 0.757488475401483 0.629850236151229 0.728082791180174 0.781491506025369 0.723464113622113 0.673418407329864 0.81221184072838 0.765702909170241 0.690023035560863 0.629732721500454 0.704006320134659 0.747823693891109 0.667021285869324 0.73608071324094 0.612407891691296 0.824825541262916 0.725808855026737 0.696172910527303 0.673636604757536 0.719682785987294 0.737094042890436 0.737572401261457 0.761026857396097 0.732590347644332 0.573581345686359 0.620698869471149 0.777092457168346 0.671998838072566 0.66467456090232 0.7115808018755 0.676526288513662 0.653871301267147 0.687592796628599 0.715983560252699\
 0.588356022054957 0.560791252317513 0.562149873013864 0.571311076924432 0.545581876671954 0.587356166737601 0.551866289399541 0 0.499898457890948 0.684034545494973 0.549207753900907 0.560260832802309 0.513830822763002 0.540166450295357 0.506081297071084 0.510246423854717 0.50875781553185 0.543683894311157 0.531030269446867 0.567312096499216 0.58709703720862 0.516050449740742 0.628009935430596 0.503201197153235 0.544622445901924 0.6437804145937 0.714115512930255 0.539627080371687 0.593371390832957 0.541680202066529 0.731471178509997 0.653981932884873 0.674561611450048 0.733462170257427 0.666460070504565 0.799734800547372 0.554459808762888 0.664411996498793 0.612726714083386 0.722263417203206 0.748037941184031 0.528903416011179 0.621409408899382 0.587508814122313 0.704092053365124 0.739817560084443 0.697091134966072 0.706823917565304 0.785105542866765 0.562093804662039 0.619030491856688 0.677566889613703 0.598851141568823 0.735633379845477 0.598873881717046 0.597815040989451 0.541447588592643 0.667015692037935 0.626685737738494 0.628028842941554 0.747804732525024 0.784215060845937 0.712413821717065 0.631653568310336 0.592547815869173 0.437293862718109 0.607107605185232 0.737748428467337 0.549616436460393 0.645156908387357 0.528953810432336 0.641675941185518 0.744599922558769 0.658143680049681 0.695676546909169 0.615555197828074 0.66466632959044 0.77427760013006 0.66923224457738 0.652744300330389 0.497856649138141 0.624406526674881 0.701073126410939 0.672093920102307 0.624563550041751 0.683310773087847 0.692148179608683 0.610440051359117 0.744367928564031 0.740629019547839 0.728360299547341 0.594379307972902 0.685190058704234 0.746686642848997 0.749429088601578 0.611160010003775 0.666222510869271 0.733729138676381 0.701631313988465 0.672050116137255\
 0.308270515174596 0.291720514228882 0.339035779772078 0.555190610270612 0.285268850365618 0.359630702847837 0.171506614257229 0.499898457890948 0 0.415657352763044 0.280337340658407 0.249255048330235 0.295095586542544 0.355152208001455 0.172529414483045 0.212279830181355 0.196364815672828 0.284860986118185 0.20503058872464 0.263794996500256 0.517790927422368 0.255262749377886 0.26720252214179 0.213632187474251 0.344295203943363 0.533602343762918 0.667685522988509 0.427311126292714 0.673268450030262 0.580984486751931 0.591411722042815 0.431891696833126 0.565697275048049 0.655725466916737 0.531078734878686 0.559406547731861 0.370256715224516 0.447555030219907 0.607706893464397 0.619559530354947 0.672045998975453 0.661839285706317 0.396559763193962 0.613065028544531 0.524540655665157 0.782203287770294 0.621730319858916 0.645043974577067 0.639561466253472 0.5650398749925 0.691095374518555 0.64365965966503 0.573888946837168 0.647248427312998 0.557141852464015 0.62632082594976 0.611989029903221 0.680316155550826 0.745346474591092 0.477542270886113 0.700612242347087 0.706164445394737 0.614994218714504 0.641896386914816 0.628705512346817 0.414016912433814 0.648967200130084 0.663324401018427 0.585379635686057 0.631810883973897 0.609895403167955 0.642606499432368 0.705459772176432 0.692901194537138 0.731484289685777 0.438807399823448 0.437263203921961 0.709873519833019 0.431577692150992 0.499690052770411 0.557795078469271 0.637309724911602 0.671407794500109 0.648015236208732 0.627878598661278 0.677623312180269 0.711365159474459 0.506336348824939 0.638898632765618 0.655679788912251 0.622153667380154 0.565895363480125 0.690619145370912 0.657053352222055 0.671183264897959 0.576621448650947 0.598698515535933 0.667619521080667 0.679079071872079 0.766535846206052\
 0.444463848171172 0.409508265399202 0.501804141514097 0.424607505961336 0.408701287137321 0.521954013327377 0.435735391933107 0.684034545494973 0.415657352763044 0 0.410251030724115 0.511833461160282 0.531480785864381 0.612865093711423 0.419549817902164 0.425512586101533 0.44088415193884 0.459198432571197 0.463227378070881 0.460251708835561 0.52296742252105 0.431491156590456 0.540186720460184 0.493398836688145 0.595154243433282 0.595655160240782 0.719394313203296 0.678481189769379 0.716710500392182 0.626289195347916 0.637162903011644 0.586777256912437 0.541949274357387 0.644494277175266 0.615795765129674 0.701186422413748 0.526017383272486 0.684136308652131 0.666005684776903 0.691514889673275 0.646822733450058 0.705470698072863 0.546355215131251 0.689921922299741 0.736300420481379 0.818449047134244 0.594043940978787 0.71017951003431 0.712855412388714 0.613676600825084 0.656013960616537 0.635222491284895 0.67375687844047 0.769365603083344 0.694711153949975 0.699142199478794 0.69883857723896 0.670871926286771 0.482061981294293 0.508430426147815 0.80002125752765 0.712758924027901 0.580059404460859 0.741147520254312 0.639224991778733 0.608312215186588 0.694212422490929 0.650148026146643 0.647727819634406 0.640816170991844 0.637463419855889 0.642729947043073 0.755043621417885 0.707379528093939 0.738870749949159 0.659211380359817 0.645165260093824 0.717978027033809 0.739458245753511 0.673081910909324 0.610259119854842 0.696675411574916 0.7318324069689 0.699160969907991 0.724297194651911 0.734449896989803 0.737756810268356 0.723985809104756 0.692922704162341 0.720967555013107 0.679856170745023 0.656777273075129 0.745024977038007 0.69353954079807 0.797903143061776 0.555600719366253 0.692133805561478 0.735593782408668 0.763084402672796 0.789703161863718\
 0.197191170703305 0.274129314344951 0.297769001147213 0.197432240650094 0.18719207583021 0.340065401784203 0.183350481529859 0.549207753900907 0.280337340658407 0.410251030724115 0 0.326947254152952 0.391138985770309 0.450758432491583 0.275245155944962 0.216659748934241 0.28306737001143 0.32070501153617 0.275072958026089 0.223087081193473 0.523902307194816 0.253648636455484 0.297225747018746 0.278713649361174 0.42985990363174 0.616872043709579 0.683976253172042 0.637805543542172 0.701819826914175 0.550849981404705 0.620255068470058 0.567412028873235 0.569473583684718 0.563567110843497 0.518294929363981 0.812672233010568 0.407470273062572 0.60284846521027 0.522758201960041 0.664158910316031 0.498864211730781 0.647604841579389 0.577248205808726 0.695013903701631 0.691896291118099 0.809711901847655 0.539433292611745 0.782751978103325 0.58918938703461 0.703910791232908 0.725645380684464 0.685519437023431 0.75327239130803 0.720258207096147 0.736269358276977 0.721227421126956 0.73338413353898 0.647778255868198 0.800110216702087 0.637946509485563 0.821696637528161 0.778882666419694 0.630428447935182 0.749447510617603 0.714217315662024 0.673329664068188 0.676365037197666 0.643111228445939 0.662342253694012 0.762911350985101 0.728840479339519 0.621608752094 0.788615531717811 0.743636363374639 0.690463332212761 0.634980126388108 0.626996206901653 0.738321360041932 0.65425881312433 0.683330338135527 0.582613977257257 0.780084689932425 0.734361718146793 0.677686995369261 0.597122603573649 0.704983461619899 0.721891857795427 0.684105057663255 0.64890918899473 0.665982212895742 0.527533942343859 0.519574591756917 0.680378528234981 0.580956462721716 0.591409697480702 0.614373985060074 0.644223592609868 0.658275745626139 0.671276210636645 0.700049971314683\
 0.337849080784813 0.345123806049777 0.477172169542672 0.354269879862182 0.305853578264421 0.343340232580913 0.31472811751888 0.560260832802309 0.249255048330235 0.511833461160282 0.326947254152952 0 0.335424061517629 0.422577505153157 0.216929742233942 0.285608631761911 0.237839705970374 0.297924246165276 0.268797784313311 0.29925193593916 0.542414173014303 0.267583536033344 0.312105043675134 0.238061148340871 0.397133517590675 0.608712551529732 0.713166627901103 0.637722398211401 0.697032168220567 0.584437977136447 0.614571665609713 0.583371597402014 0.532379124719819 0.650219501406529 0.585779638832838 0.722982902561437 0.538582152725958 0.614131624934787 0.658150147574161 0.698196728348142 0.609334688133016 0.696404143887404 0.526766678480527 0.714226953694512 0.704676482490784 0.811543314515254 0.647883989695868 0.644519501947454 0.652949264072788 0.711604188667052 0.763576005626561 0.706822349269395 0.75565466701346 0.721612362855492 0.695998829370965 0.623551356438313 0.671801441454197 0.740135061869729 0.778136634070498 0.632185586649622 0.655620105836899 0.757035816453775 0.637659930407884 0.761676322924427 0.691776599880725 0.641906367678171 0.752725537578189 0.660434660865097 0.690853523482009 0.756482328420195 0.666611148521552 0.691007115156589 0.810028899441586 0.752827749266682 0.781672712036595 0.619406817181521 0.629539680924739 0.740336594618863 0.747952468681557 0.646991977644609 0.638311256890811 0.769349756392743 0.711975018195267 0.664205030872525 0.636575492603148 0.719992196759245 0.703456772225752 0.71201194456626 0.623224721339038 0.654263131876593 0.615445685699691 0.60596501130995 0.676188001194225 0.646589446864254 0.625897249450107 0.634384707293441 0.612537828011206 0.685395629129557 0.736710663909432 0.808479028298362\
 0.427301189465664 0.416446554993699 0.40982207106114 0.443525501490762 0.386365010532955 0.464415293816165 0.386938621418221 0.513830822763002 0.295095586542544 0.531480785864381 0.391138985770309 0.335424061517629 0 0.247771470445413 0.184691818933158 0.333717235935456 0.22490170987309 0.36621683768924 0.295262192327594 0.368424908422853 0.468136955864982 0.332971491358187 0.437310228797391 0.296183729938225 0.265368770980368 0.450766344001176 0.589040415872818 0.465283148591777 0.78211988246401 0.479880563977016 0.598638587983184 0.550089109938736 0.506245668477579 0.658799972032672 0.596673672594866 0.75180409818128 0.501531828467814 0.539172813137626 0.638450736725725 0.576469398489334 0.667472363490166 0.557657170961324 0.488942211930918 0.488791573789452 0.579569669751905 0.724166188527524 0.667298619623827 0.703075653516079 0.71785202483196 0.520299382645497 0.529660676090286 0.674855250961983 0.602898850171014 0.776415742408676 0.71146900517028 0.667368185067344 0.555818370140158 0.668286970277605 0.501682543653754 0.508055677874887 0.788510369341844 0.75915061865116 0.631222754540323 0.769739245082817 0.651576831946121 0.56026104600892 0.68838104514118 0.735625287097426 0.514291066145484 0.61164827174872 0.659432302763693 0.504010507692773 0.640134869439999 0.693492443083309 0.807273658435043 0.492848175129856 0.500306997092635 0.59969108645954 0.813960460277927 0.498020271494066 0.515507984779628 0.566129523542314 0.654263234558233 0.625495619257821 0.484137784429112 0.717041370323426 0.689156254648669 0.595008984394334 0.716340053012852 0.765251472802199 0.682055578429462 0.643425280071818 0.867361245485808 0.737797134177169 0.695239405145365 0.66571287566373 0.630618167705257 0.726749096025374 0.818912791191456 0.914800330770485\
 0.492159371799873 0.494339379744376 0.515724498297063 0.508948105652696 0.449418648988534 0.52305444209615 0.437786312761403 0.540166450295357 0.355152208001455 0.612865093711423 0.450758432491583 0.422577505153157 0.247771470445413 0 0.272232644795845 0.39870765809877 0.294260593201464 0.447931315296528 0.372001372737271 0.432036942452518 0.49703559012749 0.400433210459165 0.501153290175608 0.371064308230427 0.351748628091733 0.429855067481335 0.621975387524769 0.618520003441579 0.642087522223566 0.592967116771276 0.638662613314666 0.609990368930895 0.527024620289543 0.553446201509915 0.628283745031403 0.772636505359221 0.573938072149547 0.621075882716328 0.702745852495468 0.574935048755918 0.770290300407834 0.954533867151563 0.50869785026707 0.450285758275337 0.652872862904641 0.742736730854634 0.716430972269842 0.80871011590816 0.756799035848452 0.634188378077913 0.679633212387275 0.751089335452633 0.609036897443778 0.765585809276129 0.66816962081225 0.731785501707326 0.594834446096985 0.672526069999301 1.49297026821 0.892258185400389 0.92505956054304 0.805680479427093 0.719344228443956 0.787284158450754 0.653426854717911 0.601938254258463 0.724797918379413 0.77706296712025 0.591675519198196 0.677101142075005 0.708366091896794 0.634442696172629 0.692901258982389 0.796937970950615 0.784390089142878 0.568146821997827 0.578960762058405 0.68662033738871 0.887729887588446 0.587877144392495 0.528759941924191 0.591985161995817 0.713605227449185 0.704456064425709 0.566750914715094 0.705883147452756 0.736555972678286 0.668664348650652 0.772952203499474 0.826546849333661 0.737671806808573 0.680028533880005 0.922384396273744 0.803199508236606 0.741037162942042 0.724638680983478 0.690255353940484 0.775361527344386 0.788745526110041 0.784567038474197\
 0.293698324126233 0.277970954933842 0.335194038669774 0.315937060501001 0.261851091247825 0.349910394638677 0.26367793076316 0.506081297071084 0.172529414483045 0.419549817902164 0.275245155944962 0.216929742233942 0.184691818933158 0.272232644795845 0 0.210881096928786 0.060798189940477 0.245530523415691 0.177513050120653 0.232504804763293 0.469980090197095 0.21711435656983 0.3131544689959 0.180105657097728 0.276735989594348 0.5052022132344 0.67287018823366 0.434547620338277 0.647437852006037 0.394319413183186 0.511737909809048 0.414523382700748 0.382265877922517 0.582956143754797 0.504027686117934 0.693100277879229 0.376332206720673 0.429005496278129 0.600317834873004 0.582203872601045 0.572126061678388 0.594890811471296 0.391464781094811 0.563386103719452 0.491652014881006 0.770796908366985 0.589696647438232 0.695156372987912 0.622210003430213 0.56465946671625 0.673985752532794 0.710338634777256 0.569449535672932 0.692924805770588 0.676588178501222 0.658832714475046 0.655225425222806 0.680988447730123 0.636776777408714 0.5658994780002 0.760213278367858 0.7722558224982 0.582734094392916 0.784182953366863 0.676309987227416 0.64185016499189 0.752024479878547 0.649374959882993 0.691759301417586 0.6858210956492 0.670120402132276 0.681814047581055 0.699925059841111 0.777722262865579 0.755055591987734 0.433582449030859 0.447283001408898 0.714061825492229 0.709010264832594 0.463688965341711 0.519748133645507 0.620503986144904 0.666224385053593 0.640502048441313 0.432261677279276 0.691595804783482 0.662888849144975 0.482677698816365 0.625860947349859 0.638537652922357 0.580770044583828 0.591405036395446 0.658637369404115 0.63011179125887 0.632887707071122 0.633294591216427 0.572874055100302 0.654964098500565 0.789557736768969 0.815555090907892\
 0.243043355620376 0.246294366107204 0.255093216109951 0.255058307771651 0.202626866144367 0.278148998470995 0.200502822342048 0.510246423854717 0.212279830181355 0.425512586101533 0.216659748934241 0.285608631761911 0.333717235935456 0.39870765809877 0.210881096928786 0 0.232595839600626 0.297073501659514 0.21344130173633 0.2158111599187 0.543115341189275 0.254228976031022 0.254407716193071 0.244988246084916 0.374189829840158 0.614171449307296 0.700978914040028 0.573682096994147 0.764209851501558 0.528737636251302 0.597897528387503 0.563883877263362 0.552460780362602 0.589920304334681 0.515478747378237 0.688743178493647 0.33177612875882 0.411513719667776 0.5263788740747 0.627101841363306 0.577416909628656 0.694548580867397 0.426103029571651 0.590367898599381 0.689216133075862 0.718662768912332 0.527750506660502 0.760084345620343 0.585050184627494 0.729638701835078 0.839710981742463 0.713037647135068 0.543902871146605 0.729932715325795 0.769875049235722 0.702512984559923 0.689859970262931 0.682521025251385 0.822831180725256 0.591743806609114 0.800550446457269 0.738913572755134 0.697066531840847 0.754215725343528 0.736079617250023 0.679593083996015 0.699785728045607 0.682809718803765 0.739143947178485 0.787277721215132 0.731859697369511 0.700229884425309 0.758891474837372 0.805971273567384 0.780685647474745 0.608099462007519 0.698531361101516 0.781709544038526 0.707332661265203 0.67545962091914 0.546170855976648 0.683091625044951 0.736525925827046 0.692086105640366 0.619435822415556 0.716047687424034 0.736503199837692 0.668292284206459 0.701146078312849 0.669283946119173 0.579959287645928 0.557432350830932 0.759838316087473 0.603913845573145 0.60730031694036 0.58030709863619 0.561910163718972 0.621063209036726 0.725433097393204 0.752935640667767\
 0.310999737803008 0.294772985785922 0.338454465637019 0.330289354931624 0.282074342689472 0.362782941269903 0.271090022186076 0.50875781553185 0.196364815672828 0.44088415193884 0.28306737001143 0.237839705970374 0.22490170987309 0.294260593201464 0.060798189940477 0.232595839600626 0 0.235853828068477 0.194454264074907 0.246430914426192 0.487017174726228 0.238284084386191 0.322296198049246 0.18376280314258 0.311287141779494 0.476831691335753 0.624146994718777 0.449702056184014 0.647757090650765 0.408692898127145 0.575961282204012 0.434291851124437 0.532368312104344 0.630994643295994 0.52118051623186 0.768002160834557 0.388916178601701 0.448073511698667 0.628997211500321 0.625557879133608 0.628300623956993 0.638511837791335 0.404995079256873 0.579696377478194 0.49928114935843 0.768822757543105 0.613482296156286 0.669817933885324 0.630165240074629 0.572020114604058 0.67374786321049 0.691303306753918 0.490275457327695 0.714321863270137 0.660750819649619 0.712936610770365 0.657894399071722 0.6635308927131 0.596239735970346 0.673276688024566 0.711020895979342 0.80015741160424 0.644501303545269 0.663540958703928 0.391922302931812 0.640138467092626 0.703924754504561 0.644697312269075 0.608315073057345 0.68192921783046 0.687346720942675 0.59463536308353 0.72225192630834 0.75953359519856 0.719165509926458 0.455779425987006 0.669465263932678 0.726253923476032 0.695276636749811 0.489368154177928 0.522416672631514 0.641740635237008 0.652697548290844 0.648435004467794 0.65440767407486 0.69731415932376 0.677364289468494 0.488656874105488 0.637422629813501 0.666736100109864 0.64845721073669 0.465016935890321 0.707694470837802 0.635873698889302 0.651225698640067 0.637398739146997 0.551345646861151 0.693637758278048 0.74974837217259 0.82121070416863\
 0.345535208282874 0.309795978255287 0.424052766651083 0.332271883721338 0.314503479947116 0.379359949695388 0.33023847207141 0.543683894311157 0.284860986118185 0.459198432571197 0.32070501153617 0.297924246165276 0.36621683768924 0.447931315296528 0.245530523415691 0.297073501659514 0.235853828068477 0 0.285903129492497 0.307161607111825 0.527314514302313 0.271098906327617 0.392015780427621 0.282062067091909 0.403647512204943 0.611072035222597 0.681172716323523 0.629131114912654 0.699037102390145 0.572839506590635 0.616643747632087 0.567297131299822 0.600523443942515 0.619247059549106 0.593498667203017 0.712810597826174 0.465546580908526 0.526032574146123 0.619228483476431 0.541895357038607 0.558663981902914 0.667861355553636 0.563036011725159 0.67956483564163 0.688531701249349 0.720335339513444 0.631583568523983 0.712505963778859 0.680759775241649 0.724532455685291 0.857574728607144 0.764989297053005 0.639014451434099 0.697810272442812 0.652747750624472 0.704123218747218 0.743349839059898 0.678285217258599 0.759704797559156 0.687732413148472 0.720745656677924 0.73059793619262 0.594326674621068 0.728860218925785 0.748868328516993 0.683506622571112 0.749877505418694 0.695927354725545 0.707915631067184 0.750401450623813 0.736508437238173 0.761496464491317 0.782171559524285 0.779585538453548 0.804159822342492 0.59324982098383 0.653898387524899 0.686329442399683 0.722092578466316 0.645148968385184 0.638963709915585 0.750999989693868 0.656326072785666 0.614120211383275 0.606510469191778 0.654302823470316 0.641988929191324 0.603758549653124 0.634926337578808 0.606864273459924 0.612919767527527 0.599283960805594 0.667152036776398 0.627396890055998 0.633526436671058 0.641189377719457 0.56972768023583 0.644908222653889 0.725254567502268 0.689748920313423\
 0.284799759613756 0.260527461890811 0.326126210415676 0.303839108564546 0.276774370027989 0.343289402759072 0.265176079294054 0.531030269446867 0.20503058872464 0.463227378070881 0.275072958026089 0.268797784313311 0.295262192327594 0.372001372737271 0.177513050120653 0.21344130173633 0.194454264074907 0.285903129492497 0 0.235893018901128 0.521021112823948 0.266639305012379 0.28812027439761 0.187752244711391 0.346583914143823 0.591798148882224 0.685751094645628 0.607650181095341 0.615429218899871 0.557391210450565 0.586846871109953 0.408258266661549 0.556589662205849 0.602930355544434 0.550555316402342 0.739215035869239 0.383415290284207 0.434747020335655 0.595991254017589 0.637885329692891 0.603764926121868 0.649701070788976 0.413721093125618 0.595621051205444 0.506317013953448 0.751794645107351 0.612156586221723 0.773740938164341 0.647882825683407 0.562346160330637 0.746137661072254 0.736888737217475 0.585334423137869 0.691105084491422 0.724136940133037 0.70015656236516 0.684103744392903 0.750398166379937 0.608551253186048 0.633197958885042 0.770233124512075 0.7397296119291 0.616544960943448 0.77610314260702 0.73860671337923 0.610885394188485 0.681550013167623 0.668540082574746 0.664438208520089 0.725971922296024 0.705520763707585 0.675248440706238 0.711039955085558 0.739521406097878 0.786670541603183 0.42993235149565 0.631202411584764 0.752191666499127 0.682288483421586 0.480632788441758 0.553744963783314 0.672504558284326 0.708019901638613 0.722439374519571 0.642912206882727 0.691393767577687 0.707145582848165 0.73105816140469 0.688284517853018 0.688265116125315 0.59571141309881 0.578974902090821 0.728843433223703 0.600824317539552 0.635476745770402 0.694508337395194 0.637943835750687 0.616409086816071 0.724354577758326 0.796412974914921\
 0.213099885565143 0.276790343178434 0.393172325094773 0.243375419234329 0.229320613904367 0.411626039452294 0.205422620233471 0.567312096499216 0.263794996500256 0.460251708835561 0.223087081193473 0.29925193593916 0.368424908422853 0.432036942452518 0.232504804763293 0.2158111599187 0.246430914426192 0.307161607111825 0.235893018901128 0 0.519895741321708 0.255185254394616 0.282743145705125 0.247125091985516 0.393584224168967 0.612710546939144 0.571319567010221 0.654230165879593 0.668408712558213 0.579568248155824 0.59619073810642 0.563409765140887 0.61006178425735 0.548960875233691 0.52667737095595 0.856815288569603 0.449829998709234 0.628547829983608 0.561219450208102 0.685990370417386 0.580760532266575 0.621268582277042 0.560245425701891 0.67869172763763 0.641133254032025 0.834253665571337 0.570823582750102 0.580889688718844 0.556720623055507 0.707484430750656 0.73528479141799 0.7413644120337 0.645848749020432 0.697672380030768 0.758316814341445 0.762843153548984 0.719922119876585 0.672267364736559 0.783344773210272 0.707926507138506 0.820708776490004 0.731504088933901 0.642508810523131 0.812990641964917 0.728391110840317 0.629515382518245 0.669812730205008 0.693998053958442 0.681449877589347 0.720272752750482 0.697544672199042 0.664381248717489 0.747662811876403 0.766019506892069 0.792872464653543 0.673077730819385 0.709669608475848 0.799745362226276 0.65910451580816 0.688802516841948 0.593742733455837 0.676156800395861 0.735254712639344 0.660556420619681 0.702279832484832 0.771916550510846 0.7646952946281 0.756104087266486 0.623991857887723 0.718807278241831 0.559371512402706 0.619636342011561 0.698455744208969 0.580218160030467 0.524579278900564 0.669128025654709 0.682271038238837 0.664041611174088 0.710215829616798 0.738075565794964\
 0.529931696358485 0.479842227365081 0.564261557540945 0.486984528659558 0.471206156828176 0.54840647358071 0.554590003668599 0.58709703720862 0.517790927422368 0.52296742252105 0.523902307194816 0.542414173014303 0.468136955864982 0.49703559012749 0.469980090197095 0.543115341189275 0.487017174726228 0.527314514302313 0.521021112823948 0.519895741321708 0 0.424392756203264 0.607519943620284 0.528975968348847 0.535176620603681 0.632782009087603 0.663177751768889 0.719699945087104 0.659818289722058 0.642576201203063 0.680711098126347 0.566704623853353 0.52082378691146 0.686284507536647 0.667856672843962 0.775549554824822 0.641124471044832 0.670499432381539 0.728210076367379 0.696301518438431 0.68610160822872 0.749540554497521 0.52226760148085 0.61315707268421 0.717122506055871 0.743427022050524 0.633987499079806 0.750257147392455 0.710953862780859 0.587815558528811 0.602516805229558 0.624225221872897 0.629222328982029 0.742788735499155 0.599486747641917 0.584402049650598 0.482367984104072 0.639951950701235 0.458750184893324 0.504852526627357 0.663243548561608 0.657816359730102 0.615883023319709 0.630639304075435 0.551813922962546 0.576032174595494 0.570912009838131 0.748935093493433 0.452299966980372 0.48346886001472 0.546797550027837 0.532858943377541 0.593940610547492 0.639401203271344 0.796810050502802 0.640471870270539 0.69779624891359 0.735202532907377 0.732916746265753 0.655856656723979 0.553025283925306 0.54782022600332 0.731784097043397 0.726782050245383 0.709795993422773 0.74912161528694 0.696656802434594 0.760855951733453 0.760254232470138 0.712027661388302 0.784281052534679 0.622657589531788 0.809640477122353 0.728764681703156 0.709131578738674 0.538183281884307 0.696486611808302 0.759470017973787 0.863734120464351 0.759988686110196\
 0.276167210233864 0.220737161168533 0.344469991872243 0.237033317770143 0.223710410581588 0.30453784110733 0.281118848342522 0.516050449740742 0.255262749377886 0.431491156590456 0.253648636455484 0.267583536033344 0.332971491358187 0.400433210459165 0.21711435656983 0.254228976031022 0.238284084386191 0.271098906327617 0.266639305012379 0.255185254394616 0.424392756203264 0 0.33664108297326 0.225531297554249 0.378896994577371 0.633258378170618 0.681048320189165 0.642736175114307 0.693855529716063 0.538577125206462 0.60565216411423 0.505327901239644 0.714141009982128 0.567876019805782 0.507057133686744 0.79375157314014 0.454587958702696 0.553188812350695 0.582496442317196 0.625158190155105 0.590896374138923 0.649375402747957 0.538194663421453 0.702164695029856 0.672690978988133 0.829970062792159 0.491630588644493 0.69067834312566 0.596513655669433 0.688209063268332 0.762111193997806 0.705243611965003 0.661002076727256 0.770629031801831 0.839135634764658 0.70341839921882 0.591841552588847 0.715703990151517 0.9875951165376 0.909277724009406 0.804315028047166 0.752613883661409 0.615121302163404 0.837288181928307 0.791558406135654 0.669553978440494 0.666111984193987 0.663766901614766 0.690442344118097 0.782713843987893 0.765427471047934 0.703782193869819 0.698899898713522 0.791472896665155 0.868876202175994 0.623730870231902 0.719352330075034 0.784183771849557 0.675406449237699 0.631048197102944 0.533804470841739 0.955763754109161 0.70855940512012 0.663584173790902 0.628503232489797 0.771660270125628 0.774081365434509 0.714133601209501 0.677634291882971 0.721180846950465 0.606524719167187 0.59145297449378 0.71323525987628 0.60438682850296 0.637435404997651 0.728670811149587 0.616812058734209 0.634228446426374 0.745787699869054 0.772812462265546\
