{\rtf1\ansi\ansicpg1252\cocoartf1561\cocoasubrtf100
{\fonttbl\f0\fmodern\fcharset0 Courier;}
{\colortbl;\red255\green255\blue255;\red0\green0\blue0;}
{\*\expandedcolortbl;;\cssrgb\c0\c0\c0;}
\margl1440\margr1440\vieww10800\viewh8400\viewkind0
\deftab720
\pard\pardeftab720\sl280\partightenfactor0

\f0\fs24 \cf2 \expnd0\expndtw0\kerning0
\outl0\strokewidth0 \strokec2 0 0.293315052100287 0.340842081547838 0.206971805181279 0.211111331818217 0.363145516332892 0.212400637183046 0.588356022054957 0.308270515174596 0.444463848171172 0.197191170703305 0.337849080784813 0.427301189465664 0.492159371799873 0.293698324126233 0.243043355620376 0.310999737803008 0.345535208282874 0.284799759613756 0.213099885565143 0.529931696358485 0.276167210233864 0.322833359702161 0.312691769520088 0.448074935410967 0.693773316417147 0.751165672712046 0.683841234797542 0.755886801031149 0.668576319308641 0.657286310984773 0.58579683508239 0.582747365964847 0.601437313218674 0.559313731313999 0.694460426130145 0.542098262818582 0.654609376964083 0.595610025423941 0.69570090493991 0.641023576088009 0.70176126227411 0.599153609763505 0.758172515226642 0.771347277731373 0.822858195879316 0.501789257835359 0.766393795302358 0.681224841959542 0.73629569196061 0.77888555437874 0.807451293723019 0.743147776291334 0.752895335458785 0.756096894467121 0.742133837227459 0.810635835497993 0.6958086635792 0.791253936694617 0.68773221074911 0.84473579175441 0.788839656894905 0.681331273161809 0.795853144318741 0.75463065972868 0.725882461059623 0.807638122926075 0.678197560920964 0.744546921031221 0.754757340842319 0.74704530596817 0.668054173569341 0.772609151056021 0.847625632298801 0.907877200814938\
 0.293315052100287 0 0.262152190485149 0.22912628589623 0.238515170923548 0.32233752314949 0.305171151699797 0.560791252317513 0.291720514228882 0.409508265399202 0.274129314344951 0.345123806049777 0.416446554993699 0.494339379744376 0.277970954933842 0.246294366107204 0.294772985785922 0.309795978255287 0.260527461890811 0.276790343178434 0.479842227365081 0.220737161168533 0.369708035180502 0.331543944018303 0.46778150032514 0.613325731459299 0.739686730238468 0.406092467295861 0.713419544849169 0.561842731609102 0.605484722341147 0.379334746817669 0.550523860190518 0.564336544796762 0.536501379250385 0.688540791898352 0.367218440308004 0.425878362178673 0.55695646243278 0.654393268511765 0.582165000388622 0.674830414119908 0.460248100231217 0.594752221930524 0.697656358673219 0.723267104680277 0.544519784729493 0.629246703320368 0.612281019343825 0.532291799387534 0.769276067851093 0.765330667622552 0.573840571425282 0.723139547621369 0.792205359942183 0.76322278803971 0.721035635797087 0.627110894860518 0.713068977023345 0.661703105068719 0.744829197225399 0.767921151342584 0.621121926510951 0.758349170974906 0.721974519024214 0.718454673488109 0.820831607228241 0.626524520320582 0.724081884496056 0.764194841349323 0.766381662248927 0.716888082313836 0.768869517882372 0.777918794686151 0.810571483768841\
 0.340842081547838 0.262152190485149 0 0.284538192606682 0.278157507243174 0.339103899846282 0.36785173430471 0.562149873013864 0.339035779772078 0.501804141514097 0.297769001147213 0.477172169542672 0.40982207106114 0.515724498297063 0.335194038669774 0.255093216109951 0.338454465637019 0.424052766651083 0.326126210415676 0.393172325094773 0.564261557540945 0.344469991872243 0.479995841148857 0.459422084805825 0.535000348573768 0.650385164690228 0.735019960952279 0.620174283505273 0.707435383681606 0.606479282317036 0.643276786075588 0.394457040853034 0.574803919932043 0.571682433385945 0.536903945255479 0.70354352950274 0.512876373390767 0.601926140962301 0.518114619170448 0.66212383881991 0.591792568469739 0.646801119739241 0.64100147062079 0.738391515423461 0.72716506734617 0.66477410904148 0.494895421698907 0.586904733268015 0.610976684190556 0.730838356234422 0.799073198084714 0.732381168244402 0.533213436749767 0.591003095343349 0.731057792179239 0.642011115950687 0.677548294838996 0.667487886212874 0.794084664107314 0.612782664661978 0.637852417235804 0.707027646692284 0.641438483344076 0.714104497765062 0.724367192270731 0.667487886212874 0.68711978735581 0.527174848895718 0.665491251461429 0.779335310385648 0.639218003765795 0.772190310981639 0.748870582453841 0.718197182591278 0.749326857435911\
 0.206971805181279 0.22912628589623 0.284538192606682 0 0.183975575765347 0.248586499729425 0.506714616895237 0.571311076924432 0.555190610270612 0.424607505961336 0.197432240650094 0.354269879862182 0.443525501490762 0.508948105652696 0.315937060501001 0.255058307771651 0.330289354931624 0.332271883721338 0.303839108564546 0.243375419234329 0.486984528659558 0.237033317770143 0.622350754119545 0.343742452497376 0.464524994426451 0.620295653465402 0.707453438414691 0.60505894016597 0.652569337300609 0.527496947417954 0.600984666041203 0.484890199473041 0.55586342561734 0.52215996690475 0.492191645671129 0.785477370019197 0.442171701458784 0.573650926433235 0.547915585938238 0.649035727290734 0.527573381121834 0.667929197256202 0.578990386053426 0.684530441593786 0.682168026709323 0.754959648834525 0.49489542176011 0.655731670167896 0.513139186791997 0.630296353183292 0.797352746850174 0.770257900100376 0.632606438966764 0.663885344490968 0.686337528531164 0.7168092419436 0.776851940425788 0.667258841664021 0.761385383608813 0.64868513694217 0.75208946260403 0.748700991091606 0.555895096687137 0.709309178164638 0.755702413720199 0.653869827111033 0.657499513661717 0.662923300643339 0.688729003020077 0.756723959286127 0.725594334474112 0.667970572652014 0.785222556203163 0.788292749317275 0.719779694510655\
 0.211111331818217 0.238515170923548 0.278157507243174 0.183975575765347 0 0.234039003471332 0.216467551053727 0.545581876671954 0.285268850365618 0.408701287137321 0.18719207583021 0.305853578264421 0.386365010532955 0.449418648988534 0.261851091247825 0.202626866144367 0.282074342689472 0.314503479947116 0.276774370027989 0.229320613904367 0.471206156828176 0.223710410581588 0.293028706682767 0.300293401070768 0.419647767915497 0.59710148855901 0.686514367037049 0.605301321935119 0.658909710753717 0.569040555862033 0.580621428238983 0.524064418044201 0.5634963235057 0.585353620854859 0.49610182331676 0.718942087792896 0.397844185469506 0.588764445816407 0.598094718222413 0.643455211750846 0.54901453309615 0.683351793080003 0.579519779442988 0.692868352115078 0.675232601393327 0.787200709048457 0.555915794298993 0.679313108119175 0.557672595325436 0.697868904733207 0.817515948225434 0.760561411116067 0.62006678252749 0.707333093352549 0.785701618792234 0.732899144612517 0.771621159246635 0.639177880096746 0.792042065333068 0.63191298825176 0.75074542663341 0.713355769523217 0.647113588375838 0.78648096198982 0.770531933014727 0.648635784476965 0.720213416687795 0.62318271728862 0.680891884024464 0.706009112990193 0.695349518026421 0.652100785187235 0.782753310253306 0.805194950188666 0.74340292290513\
 0.363145516332892 0.32233752314949 0.339103899846282 0.248586499729425 0.234039003471332 0 0.379547829540492 0.587356166737601 0.359630702847837 0.521954013327377 0.340065401784203 0.343340232580913 0.464415293816165 0.52305444209615 0.349910394638677 0.278148998470995 0.362782941269903 0.379359949695388 0.343289402759072 0.411626039452294 0.54840647358071 0.30453784110733 0.414377746457052 0.344394606858819 0.484305293782464 0.665953365708643 0.682197910984016 0.640356011349962 0.750039132367794 0.65711941136919 0.633397798356864 0.574533473962628 0.547301050287928 0.694702668543803 0.503587029693426 0.679126714710388 0.562434942934291 0.620828473149321 0.626042835244883 0.678425403943366 0.664889015029589 0.748683372735711 0.631536399729942 0.760933015128392 0.693059339013111 0.812035099605944 0.549770472679602 0.806520892575862 0.642246536191324 0.741196088248745 0.816589318192161 0.858938882768494 0.727528182639124 0.732351122679228 0.778290175512727 0.749736488387505 0.79614026064676 0.685800785926964 0.789862248403996 0.697372131419062 0.817112904265198 0.812341685214367 0.722365341863774 0.819714696929214 0.736010077120145 0.704562922735268 0.75704245203566 0.658856714450294 0.716954577271254 0.758503128434851 0.821384973740541 0.792501571916253 0.831650810288868 0.822247589837853 0.715947213576146\
 0.212400637183046 0.305171151699797 0.36785173430471 0.506714616895237 0.216467551053727 0.379547829540492 0 0.551866289399541 0.171506614257229 0.435735391933107 0.183350481529859 0.31472811751888 0.386938621418221 0.437786312761403 0.26367793076316 0.200502822342048 0.271090022186076 0.33023847207141 0.265176079294054 0.205422620233471 0.554590003668599 0.281118848342522 0.485922535700055 0.266342564919655 0.418583796867659 0.648180417137903 0.714344948565738 0.626397484908032 0.701380997826642 0.607475358292651 0.634352100895042 0.620719870023487 0.590172656508612 0.621138624074334 0.508886490311738 0.727780181681345 0.416464353268335 0.635216206430145 0.575370185875155 0.647875883631565 0.580068129487655 0.652019933526609 0.552106195196146 0.728881106309507 0.657715282597894 0.85693264921718 0.526517528553531 0.803164866704843 0.695515963937601 0.761089888099156 0.78555920537208 0.794348491817675 0.641638275616339 0.796368160285993 0.791060066867316 0.776573644755899 0.81304406849356 0.702301017849851 0.756732824180912 0.677050084031167 0.789917233658399 0.747689977275359 0.676907624556311 0.815834493704537 0.814918777687258 0.639844271774622 0.757488475401483 0.629850236151229 0.728082791180174 0.781491506025369 0.723464113622113 0.673418407329864 0.81221184072838 0.765702909170241 0.690023035560863\
 0.588356022054957 0.560791252317513 0.562149873013864 0.571311076924432 0.545581876671954 0.587356166737601 0.551866289399541 0 0.499898457890948 0.684034545494973 0.549207753900907 0.560260832802309 0.513830822763002 0.540166450295357 0.506081297071084 0.510246423854717 0.50875781553185 0.543683894311157 0.531030269446867 0.567312096499216 0.58709703720862 0.516050449740742 0.628009935430596 0.503201197153235 0.544622445901924 0.6437804145937 0.714115512930255 0.539627080371687 0.593371390832957 0.541680202066529 0.731471178509997 0.653981932884873 0.674561611450048 0.733462170257427 0.666460070504565 0.799734800547372 0.554459808762888 0.664411996498793 0.612726714083386 0.722263417203206 0.748037941184031 0.528903416011179 0.621409408899382 0.587508814122313 0.704092053365124 0.739817560084443 0.697091134966072 0.706823917565304 0.785105542866765 0.562093804662039 0.619030491856688 0.677566889613703 0.598851141568823 0.735633379845477 0.598873881717046 0.597815040989451 0.541447588592643 0.667015692037935 0.626685737738494 0.628028842941554 0.747804732525024 0.784215060845937 0.712413821717065 0.631653568310336 0.592547815869173 0.437293862718109 0.607107605185232 0.737748428467337 0.549616436460393 0.645156908387357 0.528953810432336 0.641675941185518 0.744599922558769 0.658143680049681 0.695676546909169\
 0.308270515174596 0.291720514228882 0.339035779772078 0.555190610270612 0.285268850365618 0.359630702847837 0.171506614257229 0.499898457890948 0 0.415657352763044 0.280337340658407 0.249255048330235 0.295095586542544 0.355152208001455 0.172529414483045 0.212279830181355 0.196364815672828 0.284860986118185 0.20503058872464 0.263794996500256 0.517790927422368 0.255262749377886 0.26720252214179 0.213632187474251 0.344295203943363 0.533602343762918 0.667685522988509 0.427311126292714 0.673268450030262 0.580984486751931 0.591411722042815 0.431891696833126 0.565697275048049 0.655725466916737 0.531078734878686 0.559406547731861 0.370256715224516 0.447555030219907 0.607706893464397 0.619559530354947 0.672045998975453 0.661839285706317 0.396559763193962 0.613065028544531 0.524540655665157 0.782203287770294 0.621730319858916 0.645043974577067 0.639561466253472 0.5650398749925 0.691095374518555 0.64365965966503 0.573888946837168 0.647248427312998 0.557141852464015 0.62632082594976 0.611989029903221 0.680316155550826 0.745346474591092 0.477542270886113 0.700612242347087 0.706164445394737 0.614994218714504 0.641896386914816 0.628705512346817 0.414016912433814 0.648967200130084 0.663324401018427 0.585379635686057 0.631810883973897 0.609895403167955 0.642606499432368 0.705459772176432 0.692901194537138 0.731484289685777\
 0.444463848171172 0.409508265399202 0.501804141514097 0.424607505961336 0.408701287137321 0.521954013327377 0.435735391933107 0.684034545494973 0.415657352763044 0 0.410251030724115 0.511833461160282 0.531480785864381 0.612865093711423 0.419549817902164 0.425512586101533 0.44088415193884 0.459198432571197 0.463227378070881 0.460251708835561 0.52296742252105 0.431491156590456 0.540186720460184 0.493398836688145 0.595154243433282 0.595655160240782 0.719394313203296 0.678481189769379 0.716710500392182 0.626289195347916 0.637162903011644 0.586777256912437 0.541949274357387 0.644494277175266 0.615795765129674 0.701186422413748 0.526017383272486 0.684136308652131 0.666005684776903 0.691514889673275 0.646822733450058 0.705470698072863 0.546355215131251 0.689921922299741 0.736300420481379 0.818449047134244 0.594043940978787 0.71017951003431 0.712855412388714 0.613676600825084 0.656013960616537 0.635222491284895 0.67375687844047 0.769365603083344 0.694711153949975 0.699142199478794 0.69883857723896 0.670871926286771 0.482061981294293 0.508430426147815 0.80002125752765 0.712758924027901 0.580059404460859 0.741147520254312 0.639224991778733 0.608312215186588 0.694212422490929 0.650148026146643 0.647727819634406 0.640816170991844 0.637463419855889 0.642729947043073 0.755043621417885 0.707379528093939 0.738870749949159\
 0.197191170703305 0.274129314344951 0.297769001147213 0.197432240650094 0.18719207583021 0.340065401784203 0.183350481529859 0.549207753900907 0.280337340658407 0.410251030724115 0 0.326947254152952 0.391138985770309 0.450758432491583 0.275245155944962 0.216659748934241 0.28306737001143 0.32070501153617 0.275072958026089 0.223087081193473 0.523902307194816 0.253648636455484 0.297225747018746 0.278713649361174 0.42985990363174 0.616872043709579 0.683976253172042 0.637805543542172 0.701819826914175 0.550849981404705 0.620255068470058 0.567412028873235 0.569473583684718 0.563567110843497 0.518294929363981 0.812672233010568 0.407470273062572 0.60284846521027 0.522758201960041 0.664158910316031 0.498864211730781 0.647604841579389 0.577248205808726 0.695013903701631 0.691896291118099 0.809711901847655 0.539433292611745 0.782751978103325 0.58918938703461 0.703910791232908 0.725645380684464 0.685519437023431 0.75327239130803 0.720258207096147 0.736269358276977 0.721227421126956 0.73338413353898 0.647778255868198 0.800110216702087 0.637946509485563 0.821696637528161 0.778882666419694 0.630428447935182 0.749447510617603 0.714217315662024 0.673329664068188 0.676365037197666 0.643111228445939 0.662342253694012 0.762911350985101 0.728840479339519 0.621608752094 0.788615531717811 0.743636363374639 0.690463332212761\
 0.337849080784813 0.345123806049777 0.477172169542672 0.354269879862182 0.305853578264421 0.343340232580913 0.31472811751888 0.560260832802309 0.249255048330235 0.511833461160282 0.326947254152952 0 0.335424061517629 0.422577505153157 0.216929742233942 0.285608631761911 0.237839705970374 0.297924246165276 0.268797784313311 0.29925193593916 0.542414173014303 0.267583536033344 0.312105043675134 0.238061148340871 0.397133517590675 0.608712551529732 0.713166627901103 0.637722398211401 0.697032168220567 0.584437977136447 0.614571665609713 0.583371597402014 0.532379124719819 0.650219501406529 0.585779638832838 0.722982902561437 0.538582152725958 0.614131624934787 0.658150147574161 0.698196728348142 0.609334688133016 0.696404143887404 0.526766678480527 0.714226953694512 0.704676482490784 0.811543314515254 0.647883989695868 0.644519501947454 0.652949264072788 0.711604188667052 0.763576005626561 0.706822349269395 0.75565466701346 0.721612362855492 0.695998829370965 0.623551356438313 0.671801441454197 0.740135061869729 0.778136634070498 0.632185586649622 0.655620105836899 0.757035816453775 0.637659930407884 0.761676322924427 0.691776599880725 0.641906367678171 0.752725537578189 0.660434660865097 0.690853523482009 0.756482328420195 0.666611148521552 0.691007115156589 0.810028899441586 0.752827749266682 0.781672712036595\
 0.427301189465664 0.416446554993699 0.40982207106114 0.443525501490762 0.386365010532955 0.464415293816165 0.386938621418221 0.513830822763002 0.295095586542544 0.531480785864381 0.391138985770309 0.335424061517629 0 0.247771470445413 0.184691818933158 0.333717235935456 0.22490170987309 0.36621683768924 0.295262192327594 0.368424908422853 0.468136955864982 0.332971491358187 0.437310228797391 0.296183729938225 0.265368770980368 0.450766344001176 0.589040415872818 0.465283148591777 0.78211988246401 0.479880563977016 0.598638587983184 0.550089109938736 0.506245668477579 0.658799972032672 0.596673672594866 0.75180409818128 0.501531828467814 0.539172813137626 0.638450736725725 0.576469398489334 0.667472363490166 0.557657170961324 0.488942211930918 0.488791573789452 0.579569669751905 0.724166188527524 0.667298619623827 0.703075653516079 0.71785202483196 0.520299382645497 0.529660676090286 0.674855250961983 0.602898850171014 0.776415742408676 0.71146900517028 0.667368185067344 0.555818370140158 0.668286970277605 0.501682543653754 0.508055677874887 0.788510369341844 0.75915061865116 0.631222754540323 0.769739245082817 0.651576831946121 0.56026104600892 0.68838104514118 0.735625287097426 0.514291066145484 0.61164827174872 0.659432302763693 0.504010507692773 0.640134869439999 0.693492443083309 0.807273658435043\
 0.492159371799873 0.494339379744376 0.515724498297063 0.508948105652696 0.449418648988534 0.52305444209615 0.437786312761403 0.540166450295357 0.355152208001455 0.612865093711423 0.450758432491583 0.422577505153157 0.247771470445413 0 0.272232644795845 0.39870765809877 0.294260593201464 0.447931315296528 0.372001372737271 0.432036942452518 0.49703559012749 0.400433210459165 0.501153290175608 0.371064308230427 0.351748628091733 0.429855067481335 0.621975387524769 0.618520003441579 0.642087522223566 0.592967116771276 0.638662613314666 0.609990368930895 0.527024620289543 0.553446201509915 0.628283745031403 0.772636505359221 0.573938072149547 0.621075882716328 0.702745852495468 0.574935048755918 0.770290300407834 0.954533867151563 0.50869785026707 0.450285758275337 0.652872862904641 0.742736730854634 0.716430972269842 0.80871011590816 0.756799035848452 0.634188378077913 0.679633212387275 0.751089335452633 0.609036897443778 0.765585809276129 0.66816962081225 0.731785501707326 0.594834446096985 0.672526069999301 1.49297026821 0.892258185400389 0.92505956054304 0.805680479427093 0.719344228443956 0.787284158450754 0.653426854717911 0.601938254258463 0.724797918379413 0.77706296712025 0.591675519198196 0.677101142075005 0.708366091896794 0.634442696172629 0.692901258982389 0.796937970950615 0.784390089142878\
 0.293698324126233 0.277970954933842 0.335194038669774 0.315937060501001 0.261851091247825 0.349910394638677 0.26367793076316 0.506081297071084 0.172529414483045 0.419549817902164 0.275245155944962 0.216929742233942 0.184691818933158 0.272232644795845 0 0.210881096928786 0.060798189940477 0.245530523415691 0.177513050120653 0.232504804763293 0.469980090197095 0.21711435656983 0.3131544689959 0.180105657097728 0.276735989594348 0.5052022132344 0.67287018823366 0.434547620338277 0.647437852006037 0.394319413183186 0.511737909809048 0.414523382700748 0.382265877922517 0.582956143754797 0.504027686117934 0.693100277879229 0.376332206720673 0.429005496278129 0.600317834873004 0.582203872601045 0.572126061678388 0.594890811471296 0.391464781094811 0.563386103719452 0.491652014881006 0.770796908366985 0.589696647438232 0.695156372987912 0.622210003430213 0.56465946671625 0.673985752532794 0.710338634777256 0.569449535672932 0.692924805770588 0.676588178501222 0.658832714475046 0.655225425222806 0.680988447730123 0.636776777408714 0.5658994780002 0.760213278367858 0.7722558224982 0.582734094392916 0.784182953366863 0.676309987227416 0.64185016499189 0.752024479878547 0.649374959882993 0.691759301417586 0.6858210956492 0.670120402132276 0.681814047581055 0.699925059841111 0.777722262865579 0.755055591987734\
 0.243043355620376 0.246294366107204 0.255093216109951 0.255058307771651 0.202626866144367 0.278148998470995 0.200502822342048 0.510246423854717 0.212279830181355 0.425512586101533 0.216659748934241 0.285608631761911 0.333717235935456 0.39870765809877 0.210881096928786 0 0.232595839600626 0.297073501659514 0.21344130173633 0.2158111599187 0.543115341189275 0.254228976031022 0.254407716193071 0.244988246084916 0.374189829840158 0.614171449307296 0.700978914040028 0.573682096994147 0.764209851501558 0.528737636251302 0.597897528387503 0.563883877263362 0.552460780362602 0.589920304334681 0.515478747378237 0.688743178493647 0.33177612875882 0.411513719667776 0.5263788740747 0.627101841363306 0.577416909628656 0.694548580867397 0.426103029571651 0.590367898599381 0.689216133075862 0.718662768912332 0.527750506660502 0.760084345620343 0.585050184627494 0.729638701835078 0.839710981742463 0.713037647135068 0.543902871146605 0.729932715325795 0.769875049235722 0.702512984559923 0.689859970262931 0.682521025251385 0.822831180725256 0.591743806609114 0.800550446457269 0.738913572755134 0.697066531840847 0.754215725343528 0.736079617250023 0.679593083996015 0.699785728045607 0.682809718803765 0.739143947178485 0.787277721215132 0.731859697369511 0.700229884425309 0.758891474837372 0.805971273567384 0.780685647474745\
 0.310999737803008 0.294772985785922 0.338454465637019 0.330289354931624 0.282074342689472 0.362782941269903 0.271090022186076 0.50875781553185 0.196364815672828 0.44088415193884 0.28306737001143 0.237839705970374 0.22490170987309 0.294260593201464 0.060798189940477 0.232595839600626 0 0.235853828068477 0.194454264074907 0.246430914426192 0.487017174726228 0.238284084386191 0.322296198049246 0.18376280314258 0.311287141779494 0.476831691335753 0.624146994718777 0.449702056184014 0.647757090650765 0.408692898127145 0.575961282204012 0.434291851124437 0.532368312104344 0.630994643295994 0.52118051623186 0.768002160834557 0.388916178601701 0.448073511698667 0.628997211500321 0.625557879133608 0.628300623956993 0.638511837791335 0.404995079256873 0.579696377478194 0.49928114935843 0.768822757543105 0.613482296156286 0.669817933885324 0.630165240074629 0.572020114604058 0.67374786321049 0.691303306753918 0.490275457327695 0.714321863270137 0.660750819649619 0.712936610770365 0.657894399071722 0.6635308927131 0.596239735970346 0.673276688024566 0.711020895979342 0.80015741160424 0.644501303545269 0.663540958703928 0.391922302931812 0.640138467092626 0.703924754504561 0.644697312269075 0.608315073057345 0.68192921783046 0.687346720942675 0.59463536308353 0.72225192630834 0.75953359519856 0.719165509926458\
 0.345535208282874 0.309795978255287 0.424052766651083 0.332271883721338 0.314503479947116 0.379359949695388 0.33023847207141 0.543683894311157 0.284860986118185 0.459198432571197 0.32070501153617 0.297924246165276 0.36621683768924 0.447931315296528 0.245530523415691 0.297073501659514 0.235853828068477 0 0.285903129492497 0.307161607111825 0.527314514302313 0.271098906327617 0.392015780427621 0.282062067091909 0.403647512204943 0.611072035222597 0.681172716323523 0.629131114912654 0.699037102390145 0.572839506590635 0.616643747632087 0.567297131299822 0.600523443942515 0.619247059549106 0.593498667203017 0.712810597826174 0.465546580908526 0.526032574146123 0.619228483476431 0.541895357038607 0.558663981902914 0.667861355553636 0.563036011725159 0.67956483564163 0.688531701249349 0.720335339513444 0.631583568523983 0.712505963778859 0.680759775241649 0.724532455685291 0.857574728607144 0.764989297053005 0.639014451434099 0.697810272442812 0.652747750624472 0.704123218747218 0.743349839059898 0.678285217258599 0.759704797559156 0.687732413148472 0.720745656677924 0.73059793619262 0.594326674621068 0.728860218925785 0.748868328516993 0.683506622571112 0.749877505418694 0.695927354725545 0.707915631067184 0.750401450623813 0.736508437238173 0.761496464491317 0.782171559524285 0.779585538453548 0.804159822342492\
 0.284799759613756 0.260527461890811 0.326126210415676 0.303839108564546 0.276774370027989 0.343289402759072 0.265176079294054 0.531030269446867 0.20503058872464 0.463227378070881 0.275072958026089 0.268797784313311 0.295262192327594 0.372001372737271 0.177513050120653 0.21344130173633 0.194454264074907 0.285903129492497 0 0.235893018901128 0.521021112823948 0.266639305012379 0.28812027439761 0.187752244711391 0.346583914143823 0.591798148882224 0.685751094645628 0.607650181095341 0.615429218899871 0.557391210450565 0.586846871109953 0.408258266661549 0.556589662205849 0.602930355544434 0.550555316402342 0.739215035869239 0.383415290284207 0.434747020335655 0.595991254017589 0.637885329692891 0.603764926121868 0.649701070788976 0.413721093125618 0.595621051205444 0.506317013953448 0.751794645107351 0.612156586221723 0.773740938164341 0.647882825683407 0.562346160330637 0.746137661072254 0.736888737217475 0.585334423137869 0.691105084491422 0.724136940133037 0.70015656236516 0.684103744392903 0.750398166379937 0.608551253186048 0.633197958885042 0.770233124512075 0.7397296119291 0.616544960943448 0.77610314260702 0.73860671337923 0.610885394188485 0.681550013167623 0.668540082574746 0.664438208520089 0.725971922296024 0.705520763707585 0.675248440706238 0.711039955085558 0.739521406097878 0.786670541603183\
 0.213099885565143 0.276790343178434 0.393172325094773 0.243375419234329 0.229320613904367 0.411626039452294 0.205422620233471 0.567312096499216 0.263794996500256 0.460251708835561 0.223087081193473 0.29925193593916 0.368424908422853 0.432036942452518 0.232504804763293 0.2158111599187 0.246430914426192 0.307161607111825 0.235893018901128 0 0.519895741321708 0.255185254394616 0.282743145705125 0.247125091985516 0.393584224168967 0.612710546939144 0.571319567010221 0.654230165879593 0.668408712558213 0.579568248155824 0.59619073810642 0.563409765140887 0.61006178425735 0.548960875233691 0.52667737095595 0.856815288569603 0.449829998709234 0.628547829983608 0.561219450208102 0.685990370417386 0.580760532266575 0.621268582277042 0.560245425701891 0.67869172763763 0.641133254032025 0.834253665571337 0.570823582750102 0.580889688718844 0.556720623055507 0.707484430750656 0.73528479141799 0.7413644120337 0.645848749020432 0.697672380030768 0.758316814341445 0.762843153548984 0.719922119876585 0.672267364736559 0.783344773210272 0.707926507138506 0.820708776490004 0.731504088933901 0.642508810523131 0.812990641964917 0.728391110840317 0.629515382518245 0.669812730205008 0.693998053958442 0.681449877589347 0.720272752750482 0.697544672199042 0.664381248717489 0.747662811876403 0.766019506892069 0.792872464653543\
 0.529931696358485 0.479842227365081 0.564261557540945 0.486984528659558 0.471206156828176 0.54840647358071 0.554590003668599 0.58709703720862 0.517790927422368 0.52296742252105 0.523902307194816 0.542414173014303 0.468136955864982 0.49703559012749 0.469980090197095 0.543115341189275 0.487017174726228 0.527314514302313 0.521021112823948 0.519895741321708 0 0.424392756203264 0.607519943620284 0.528975968348847 0.535176620603681 0.632782009087603 0.663177751768889 0.719699945087104 0.659818289722058 0.642576201203063 0.680711098126347 0.566704623853353 0.52082378691146 0.686284507536647 0.667856672843962 0.775549554824822 0.641124471044832 0.670499432381539 0.728210076367379 0.696301518438431 0.68610160822872 0.749540554497521 0.52226760148085 0.61315707268421 0.717122506055871 0.743427022050524 0.633987499079806 0.750257147392455 0.710953862780859 0.587815558528811 0.602516805229558 0.624225221872897 0.629222328982029 0.742788735499155 0.599486747641917 0.584402049650598 0.482367984104072 0.639951950701235 0.458750184893324 0.504852526627357 0.663243548561608 0.657816359730102 0.615883023319709 0.630639304075435 0.551813922962546 0.576032174595494 0.570912009838131 0.748935093493433 0.452299966980372 0.48346886001472 0.546797550027837 0.532858943377541 0.593940610547492 0.639401203271344 0.796810050502802\
 0.276167210233864 0.220737161168533 0.344469991872243 0.237033317770143 0.223710410581588 0.30453784110733 0.281118848342522 0.516050449740742 0.255262749377886 0.431491156590456 0.253648636455484 0.267583536033344 0.332971491358187 0.400433210459165 0.21711435656983 0.254228976031022 0.238284084386191 0.271098906327617 0.266639305012379 0.255185254394616 0.424392756203264 0 0.33664108297326 0.225531297554249 0.378896994577371 0.633258378170618 0.681048320189165 0.642736175114307 0.693855529716063 0.538577125206462 0.60565216411423 0.505327901239644 0.714141009982128 0.567876019805782 0.507057133686744 0.79375157314014 0.454587958702696 0.553188812350695 0.582496442317196 0.625158190155105 0.590896374138923 0.649375402747957 0.538194663421453 0.702164695029856 0.672690978988133 0.829970062792159 0.491630588644493 0.69067834312566 0.596513655669433 0.688209063268332 0.762111193997806 0.705243611965003 0.661002076727256 0.770629031801831 0.839135634764658 0.70341839921882 0.591841552588847 0.715703990151517 0.9875951165376 0.909277724009406 0.804315028047166 0.752613883661409 0.615121302163404 0.837288181928307 0.791558406135654 0.669553978440494 0.666111984193987 0.663766901614766 0.690442344118097 0.782713843987893 0.765427471047934 0.703782193869819 0.698899898713522 0.791472896665155 0.868876202175994\
 0.322833359702161 0.369708035180502 0.479995841148857 0.622350754119545 0.293028706682767 0.414377746457052 0.485922535700055 0.628009935430596 0.26720252214179 0.540186720460184 0.297225747018746 0.312105043675134 0.437310228797391 0.501153290175608 0.3131544689959 0.254407716193071 0.322296198049246 0.392015780427621 0.28812027439761 0.282743145705125 0.607519943620284 0.33664108297326 0 0.311709452110748 0.470864576073876 0.697638490983278 0.749067276376708 0.718219292556721 0.748656969296702 0.641208032449228 0.688145945137525 0.689503727998837 0.650874615193653 0.672571261465765 0.557802468576394 0.877154137670544 0.580185668473106 0.627874491811663 0.583343636336198 0.740916040926203 0.683295154703314 0.704663312093142 0.600916891750028 0.774517527141926 0.763029045668836 0.850521088218116 0.651577945182163 0.763492341681224 0.633920344457976 0.8029519928898 0.832389008704849 0.861222836693936 0.797262633560542 0.82200905764132 0.784700318605015 0.826155924407779 0.847107847405946 0.779512921895143 0.867606420027384 0.708211948435465 0.867927857855648 0.789117246166318 0.721693222525826 0.82187000617738 0.758840833369906 0.690728084038579 0.82488049418513 0.827631502783867 0.731337366609981 0.815404960101832 0.848512935807248 0.766994630088852 0.903834741815495 0.860289887981653 0.834367256334318\
 0.312691769520088 0.331543944018303 0.459422084805825 0.343742452497376 0.300293401070768 0.344394606858819 0.266342564919655 0.503201197153235 0.213632187474251 0.493398836688145 0.278713649361174 0.238061148340871 0.296183729938225 0.371064308230427 0.180105657097728 0.244988246084916 0.18376280314258 0.282062067091909 0.187752244711391 0.247125091985516 0.528975968348847 0.225531297554249 0.311709452110748 0 0.35269505088987 0.593513525618085 0.702858985252822 0.646722428159833 0.690447328213699 0.559329715377571 0.582965185488199 0.583970493901811 0.596559459333463 0.618497120857652 0.565591450348846 0.701731795178253 0.514652288686847 0.585634832117562 0.61105293005803 0.629695571238516 0.552626372448939 0.678860932867891 0.359388833291223 0.617940193732737 0.666332455533503 0.810342647597172 0.599058613427043 0.681298912102802 0.655372376474429 0.653312462956198 0.740805849180997 0.759392472856791 0.747731611347408 0.695902293338678 0.705473804802306 0.746822593366923 0.663555412494215 0.650533203512887 0.752378899058674 0.650311696551629 0.755415092356991 0.745141078355839 0.642070124918365 0.792326410399225 0.74088928942632 0.629062007096155 0.638538933986041 0.633054723775558 0.689810329432387 0.751051911819592 0.661347391595715 0.630206188319709 0.78685792626516 0.763325063783996 0.732696720188886\
 0.448074935410967 0.46778150032514 0.535000348573768 0.464524994426451 0.419647767915497 0.484305293782464 0.418583796867659 0.544622445901924 0.344295203943363 0.595154243433282 0.42985990363174 0.397133517590675 0.265368770980368 0.351748628091733 0.276735989594348 0.374189829840158 0.311287141779494 0.403647512204943 0.346583914143823 0.393584224168967 0.535176620603681 0.378896994577371 0.470864576073876 0.35269505088987 0 0.582745121119844 0.708415707561784 0.549917866410334 0.742809816066517 0.690015226710323 0.687808146283165 0.698611126284857 0.578759211043481 0.699608167013733 0.566387367426094 0.776117276878338 0.533954768241587 0.69153148816085 0.614586135587966 0.671549356815356 0.704269062883581 0.760664717633284 0.601482480887667 0.664499810351829 0.701232662073575 0.690086624960247 0.67052928613027 0.710101022110595 0.739926583983966 0.762741446489038 0.807307127140438 0.667822350899654 0.589952251542357 0.770812699787092 0.708513193034986 0.674502023799786 0.701976920950521 0.758352885931727 0.745139708015254 0.63515424683169 0.835805844185966 0.835960432307076 0.742131296715106 0.787063738887447 0.679623652043613 0.653429789897999 0.756144373782242 0.753923084171852 0.62448677218398 0.715866526365549 0.695813851481011 0.767422349708774 0.771263083885022 0.746635207602505 0.774190569902099\
 0.693773316417147 0.613325731459299 0.650385164690228 0.620295653465402 0.59710148855901 0.665953365708643 0.648180417137903 0.6437804145937 0.533602343762918 0.595655160240782 0.616872043709579 0.608712551529732 0.450766344001176 0.429855067481335 0.5052022132344 0.614171449307296 0.476831691335753 0.611072035222597 0.591798148882224 0.612710546939144 0.632782009087603 0.633258378170618 0.697638490983278 0.593513525618085 0.582745121119844 0 0.302612454821075 0.497405400917288 0.708344416006635 0.34433120872425 0.312893259842421 0.368908801448009 0.382197833638885 0.485633256813757 0.413947134240547 0.61076839174582 0.488326497242299 0.311681880317943 0.464951267346157 0.30355686220446 0.417157142544758 0.364630326441816 0.357252838456688 0.35625794151232 0.382447602827496 0.650009519215022 0.521374420667762 0.658624456718596 0.478499919656138 0.434267488453278 0.679002516066649 0.681166134239903 0.710988349597577 0.74464410542302 0.709611592466142 0.698117700655854 0.618779405823302 0.528438859276534 0.497324525240949 0.518156993698153 0.694341968748147 0.742848653027795 0.626441564954598 0.767521000389847 0.719051920898182 0.609821064801477 0.6284578252059 0.653794533668451 0.594053016663299 0.714762766961004 0.609433654364052 0.640324306847586 0.758556161620272 0.628443731112976 0.769926336115291\
 0.751165672712046 0.739686730238468 0.735019960952279 0.707453438414691 0.686514367037049 0.682197910984016 0.714344948565738 0.714115512930255 0.667685522988509 0.719394313203296 0.683976253172042 0.713166627901103 0.589040415872818 0.621975387524769 0.67287018823366 0.700978914040028 0.624146994718777 0.681172716323523 0.685751094645628 0.571319567010221 0.663177751768889 0.681048320189165 0.749067276376708 0.702858985252822 0.708415707561784 0.302612454821075 0 0.543108955506844 0.761594797109521 0.515651413690226 0.48211778732757 0.517351938349743 0.550227796217202 0.530658595585327 0.521195164222177 0.738734098383541 0.509750626676723 0.463717395063171 0.600583556113276 0.429460437801984 0.561144578584238 0.415810947978497 0.48750418263359 0.397296268750324 0.491090013460867 0.822306764968844 0.629398399205575 0.70999637306695 0.617809562019286 0.588261496688146 0.719793098445116 0.800441345118877 0.67342494760164 0.757297410492749 0.701291641069002 0.779057647417603 0.731909908170836 0.604065576049202 0.801491839334133 0.797456467870905 0.826167361479955 0.889435576088694 0.742727683210872 0.726929568636995 0.698467541433429 0.667352792551546 0.808175714684093 0.70710245725918 0.668509414521764 0.77109087557954 0.734493957959217 0.780088265913756 0.862285039357907 0.793617127765536 0.822016887915172\
 0.683841234797542 0.406092467295861 0.620174283505273 0.60505894016597 0.605301321935119 0.640356011349962 0.626397484908032 0.539627080371687 0.427311126292714 0.678481189769379 0.637805543542172 0.637722398211401 0.465283148591777 0.618520003441579 0.434547620338277 0.573682096994147 0.449702056184014 0.629131114912654 0.607650181095341 0.654230165879593 0.719699945087104 0.642736175114307 0.718219292556721 0.646722428159833 0.549917866410334 0.497405400917288 0.543108955506844 0 0.584014551433606 0.268756047110615 0.389306103645465 0.357730448083252 0.45805567056966 0.380698433299044 0.379260755142114 0.565765811410051 0.273239641477037 0.32937535211724 0.35586251444301 0.41470670561153 0.453446330304675 0.396249487324447 0.370364382984512 0.510795211579883 0.470087473602418 0.494628050732831 0.503763490463819 0.610992746005882 0.454466935688969 0.488187755990172 0.777824444691611 0.694851724532641 0.562904502567436 0.663589997516663 0.684093493033872 0.625440799526656 0.635421869738295 0.630685749623591 0.801714340897787 0.628142732729824 0.74873749150074 0.750659837574488 0.585700959753777 0.657665129534527 0.668195573730747 0.644462397069913 0.65370614231902 0.679025818970165 0.628732576775477 0.669059095143245 0.636307441192564 0.690613723476308 0.730766752470626 0.695721471522636 0.688060442096506\
 0.755886801031149 0.713419544849169 0.707435383681606 0.652569337300609 0.658909710753717 0.750039132367794 0.701380997826642 0.593371390832957 0.673268450030262 0.716710500392182 0.701819826914175 0.697032168220567 0.78211988246401 0.642087522223566 0.647437852006037 0.764209851501558 0.647757090650765 0.699037102390145 0.615429218899871 0.668408712558213 0.659818289722058 0.693855529716063 0.748656969296702 0.690447328213699 0.742809816066517 0.708344416006635 0.761594797109521 0.584014551433606 0 0.243804937345546 0.630089783633667 0.379296114720758 0.758733345122228 0.466976210775437 0.383949233961762 0.554501411609219 0.356844784115776 0.693467843071745 0.520007833123923 0.7065889295144 0.495250403067302 0.634201475465187 0.67833819548161 0.395781373225187 0.731257897953537 0.683114008771186 0.495287462036901 0.547468655713176 0.422578210593363 0.743135877059422 0.783581939493813 0.73256354259088 0.60876473832751 0.65865067305728 0.721518135821501 0.753624688805773 1.03010082213955 0.590902569498762 0.735708294338252 0.639414129929096 0.693149897804938 0.747152375567933 0.656286345259773 0.811696222950668 0.7591269937451 0.634159807989949 0.755001749416265 0.633796588458234 0.738081527660377 0.77407935384336 0.748156233131522 0.687118013633339 0.73728552131836 0.768545855969313 0.68771045856342\
